service_id,monday,tuesday,wednesday,thursday,friday,saturday,sunday,start_date,end_date
8,1,1,1,1,1,0,0,20260428,20260727
10,0,0,0,0,1,0,0,20260428,20260727
13,1,1,1,1,1,0,0,20260428,20260727
14,0,0,0,0,0,1,0,20260428,20260727
15,1,1,1,1,1,0,0,20260428,20260727
19,0,0,1,0,0,0,0,20260428,20260727
20,0,0,0,0,0,0,1,20260428,20260727
21,0,0,0,0,0,0,1,20260428,20260727
23,1,0,0,0,0,0,0,20260428,20260727
25,0,0,0,1,0,0,0,20260428,20260727
28,1,1,1,1,1,0,0,20260428,20260727
29,1,1,1,1,1,0,0,20260428,20260727
32,1,1,1,1,1,0,0,20260428,20260727
35,0,0,0,1,0,0,0,20260428,20260727
36,0,0,0,0,1,0,0,20260428,20260727
38,1,1,1,1,0,0,0,20260428,20260727
39,0,1,1,1,1,0,0,20260428,20260727
41,1,0,1,1,1,0,0,20260428,20260727
42,1,1,0,1,1,0,0,20260428,20260727
53,1,1,1,0,0,0,0,20260428,20260727
61,1,0,1,0,1,0,0,20260428,20260727
62,0,1,0,1,0,0,0,20260428,20260727
71,1,0,0,0,0,0,0,20260428,20260727
72,0,1,0,0,0,0,0,20260428,20260727
73,0,0,1,0,0,0,0,20260428,20260727
80,1,0,0,0,1,0,0,20260428,20260727
134,1,0,0,0,0,0,0,20260428,20260727
143,1,1,1,1,0,0,0,20260428,20260727
164,0,0,0,0,0,1,0,20260428,20260727
165,0,0,0,0,0,0,1,20260428,20260727
178,0,1,0,1,0,0,0,20260428,20260727
182,0,1,0,1,0,0,0,20260428,20260727
183,0,0,0,0,0,1,1,20260428,20260727
184,0,0,0,0,0,0,1,20260428,20260727
197,0,0,0,0,1,0,0,20260428,20260727
202,0,0,0,1,0,0,0,20260428,20260727
203,0,1,0,0,1,0,0,20260428,20260727
204,0,1,0,0,0,0,0,20260428,20260727
205,0,0,0,0,0,0,1,20260428,20260727
206,1,0,0,1,0,0,0,20260428,20260727
207,1,1,1,1,1,0,1,20260428,20260727
208,0,0,0,0,0,1,0,20260428,20260727
209,0,0,0,0,1,0,0,20260428,20260727
210,1,1,1,1,1,0,0,20260428,20260727
211,0,0,0,0,0,0,1,20260428,20260727
212,0,0,0,1,0,0,0,20260428,20260727
213,0,1,0,0,0,0,0,20260428,20260727
215,0,0,0,0,0,0,1,20260428,20260727
216,0,0,0,0,0,1,0,20260428,20260727
217,0,0,1,0,1,0,0,20260428,20260727
218,1,0,0,1,0,0,0,20260428,20260727
219,1,1,0,1,0,1,1,20260428,20260727
220,0,1,1,0,1,1,1,20260428,20260727
221,0,0,0,0,0,1,0,20260428,20260727
223,0,0,0,0,0,0,0,20260428,20260727
224,1,0,0,0,1,0,0,20260428,20260727
225,0,0,1,0,0,0,0,20260428,20260727
226,0,0,0,0,1,0,0,20260428,20260727
227,0,0,0,0,0,0,1,20260428,20260727
228,0,0,0,0,0,0,1,20260428,20260727
229,0,1,0,0,0,0,0,20260428,20260727
230,0,0,0,0,0,1,0,20260428,20260727
231,0,0,1,0,0,0,0,20260428,20260727
232,0,0,0,1,0,0,0,20260428,20260727
233,0,0,1,0,0,0,0,20260428,20260727
234,0,0,0,1,0,0,0,20260428,20260727
237,0,0,0,0,1,0,0,20260428,20260727
238,1,0,1,0,0,0,0,20260428,20260727
239,0,0,1,0,1,0,0,20260428,20260727
240,1,0,0,0,0,0,0,20260428,20260727
241,0,1,0,0,1,0,0,20260428,20260727
242,1,0,0,1,0,0,0,20260428,20260727
243,0,1,0,1,0,1,0,20260428,20260727
244,0,1,0,1,0,1,0,20260428,20260727
245,1,0,1,0,1,0,0,20260428,20260727
246,0,0,0,0,0,0,1,20260428,20260727
247,0,0,0,0,0,0,1,20260428,20260727
248,1,0,0,1,0,0,0,20260428,20260727
249,0,1,0,0,1,0,0,20260428,20260727
250,1,1,1,1,1,0,0,20260428,20260727
252,1,1,1,1,1,1,0,20260428,20260727
254,0,0,0,0,0,0,1,20260428,20260727
255,0,0,0,0,0,0,1,20260428,20260727
256,0,0,0,0,1,0,0,20260428,20260727
257,0,0,0,0,1,0,0,20260428,20260727
262,0,0,1,0,1,0,0,20260428,20260727
263,1,0,1,0,1,0,0,20260428,20260727
264,0,1,0,0,0,0,0,20260428,20260727
265,0,0,0,1,0,0,0,20260428,20260727
266,0,1,0,0,0,1,0,20260428,20260727
267,0,1,0,0,0,0,0,20260428,20260727
268,1,0,0,0,0,0,0,20260428,20260727
269,0,0,0,0,0,1,0,20260428,20260727
271,0,1,0,1,0,1,0,20260428,20260727
272,1,1,1,1,1,1,0,20260428,20260727
285,0,0,0,0,1,0,0,20260428,20260727
286,0,0,0,0,1,0,0,20260428,20260727
287,0,0,0,0,0,1,0,20260428,20260727
288,0,0,0,0,0,0,1,20260428,20260727
336,1,1,1,1,1,0,0,20260428,20260727
337,1,1,1,1,1,0,0,20260428,20260727
338,1,0,1,0,1,0,0,20260428,20260727
339,1,0,0,0,0,0,0,20260428,20260727
340,0,0,1,0,0,0,0,20260428,20260727
341,0,0,0,0,1,0,0,20260428,20260727
342,0,1,0,1,0,1,0,20260428,20260727
343,0,1,0,1,0,1,0,20260428,20260727
344,1,0,0,0,0,0,0,20260428,20260727
345,1,0,0,0,0,0,0,20260428,20260727
346,0,0,0,0,1,0,0,20260428,20260727
347,0,0,0,0,1,0,0,20260428,20260727
348,0,0,0,0,0,1,0,20260428,20260727
349,0,0,0,0,0,1,0,20260428,20260727
350,1,0,1,0,1,0,0,20260428,20260727
351,1,0,1,0,1,0,0,20260428,20260727
352,1,1,1,1,1,0,0,20260428,20260727
353,1,1,1,1,1,0,0,20260428,20260727
357,1,1,1,1,1,0,0,20260428,20260727
358,1,1,1,1,1,0,0,20260428,20260727
359,1,1,1,1,1,0,0,20260428,20260727
360,1,1,1,1,1,0,0,20260428,20260727
361,1,1,1,1,1,0,0,20260428,20260727
362,1,1,1,1,1,0,0,20260428,20260727
363,0,0,0,0,1,0,0,20260428,20260727
364,0,0,0,0,1,0,0,20260428,20260727
365,0,0,0,0,1,0,0,20260428,20260727
366,0,0,0,0,1,0,0,20260428,20260727
367,0,0,0,0,1,0,0,20260428,20260727
368,0,0,0,0,1,0,0,20260428,20260727
369,0,0,0,0,0,1,0,20260428,20260727
370,0,0,0,0,0,1,0,20260428,20260727
371,0,0,0,0,0,1,0,20260428,20260727
372,0,0,0,0,0,1,0,20260428,20260727
373,0,0,0,0,0,1,0,20260428,20260727
374,0,0,0,0,0,1,0,20260428,20260727
375,0,0,0,0,0,0,1,20260428,20260727
376,0,0,0,0,0,0,1,20260428,20260727
377,0,0,0,0,0,0,1,20260428,20260727
378,0,0,0,0,0,0,1,20260428,20260727
379,0,0,0,0,0,0,1,20260428,20260727
380,0,0,0,0,0,0,1,20260428,20260727
391,0,0,0,0,0,1,0,20260428,20260727
395,0,0,0,0,0,0,0,20260428,20260727
400,0,0,0,0,0,1,0,20260428,20260727
405,0,0,0,0,0,1,0,20260428,20260727
413,0,0,0,1,0,0,0,20260428,20260727
414,1,0,1,0,1,0,0,20260428,20260727
415,1,0,1,0,1,0,0,20260428,20260727
444,0,1,0,1,0,0,0,20260428,20260727
473,1,1,1,1,1,0,0,20260428,20260727
474,1,1,1,1,1,0,0,20260428,20260727
475,0,0,0,1,0,0,0,20260428,20260727
476,0,0,0,0,1,0,0,20260428,20260727
477,0,0,0,0,0,1,0,20260428,20260727
478,1,1,1,1,1,0,0,20260428,20260727
479,0,0,0,0,0,1,0,20260428,20260727
480,0,0,0,0,1,0,0,20260428,20260727
482,0,0,0,0,0,1,0,20260428,20260727
487,0,0,0,0,0,0,1,20260428,20260727
488,1,1,1,1,1,0,0,20260428,20260727
493,1,1,1,1,1,0,0,20260428,20260727
498,0,0,0,0,0,0,1,20260428,20260727
499,0,0,1,0,0,0,0,20260428,20260727
500,0,1,0,0,0,0,0,20260428,20260727
502,1,1,0,1,1,0,0,20260428,20260727
503,1,0,1,1,1,0,0,20260428,20260727
522,0,0,0,0,0,1,0,20260428,20260727
610,1,1,1,1,1,0,0,20260428,20260727
611,0,0,0,0,1,0,0,20260428,20260727
612,0,0,0,0,0,1,0,20260428,20260727
613,0,0,0,0,0,0,1,20260428,20260727
614,0,0,0,0,0,0,1,20260428,20260727
623,0,0,0,0,0,1,0,20260428,20260727
624,0,0,0,0,0,1,0,20260428,20260727
626,0,0,0,0,0,1,0,20260428,20260727
639,0,0,0,0,0,1,0,20260428,20260727
640,0,0,0,0,0,1,0,20260428,20260727
646,0,0,0,0,0,1,0,20260428,20260727
651,0,0,0,0,0,1,0,20260428,20260727
661,0,0,0,0,0,1,0,20260428,20260727
712,1,1,1,1,1,0,0,20260428,20260727
716,0,1,1,1,0,0,0,20260428,20260727
717,1,0,0,0,0,0,0,20260428,20260727
718,1,0,1,0,0,0,0,20260428,20260727
719,1,0,1,0,1,0,0,20260428,20260727
729,0,0,0,0,0,1,0,20260428,20260727
738,1,1,0,1,0,0,0,20260428,20260727
739,0,0,1,0,1,0,0,20260428,20260727
762,1,1,0,1,0,0,0,20260428,20260727
776,0,0,0,0,0,0,0,20260428,20260727
777,0,0,0,0,0,0,0,20260428,20260727
778,0,0,0,0,0,0,0,20260428,20260727
779,0,0,0,0,0,0,0,20260428,20260727
780,0,0,0,0,0,0,0,20260428,20260727
781,0,0,0,0,0,0,0,20260428,20260727
782,0,0,0,0,0,0,0,20260428,20260727
783,0,0,0,0,0,0,0,20260428,20260727
784,0,0,0,0,0,0,0,20260428,20260727
796,1,1,1,1,0,0,0,20260428,20260727
801,0,0,0,1,0,0,0,20260428,20260727
822,0,0,0,0,0,0,1,20260428,20260727
823,0,0,0,0,0,1,0,20260428,20260727
824,1,1,1,1,1,0,0,20260428,20260727
825,0,0,0,0,1,0,0,20260428,20260727
846,0,0,0,0,0,1,0,20260428,20260727
856,0,0,0,0,0,1,0,20260428,20260727
859,0,0,0,0,0,1,0,20260428,20260727
860,0,0,0,0,0,1,0,20260428,20260727
867,0,0,0,0,0,1,0,20260428,20260727
888,0,0,0,0,0,1,0,20260428,20260727
895,0,0,0,0,0,1,0,20260428,20260727
898,0,0,0,0,0,1,0,20260428,20260727
910,0,0,0,0,0,1,0,20260428,20260727
930,0,0,0,0,0,0,1,20260428,20260727
942,0,0,0,0,0,1,0,20260428,20260727
954,0,0,0,0,0,1,0,20260428,20260727
978,0,0,0,0,0,1,0,20260428,20260727
986,0,0,0,0,0,1,0,20260428,20260727
992,0,0,0,0,0,1,0,20260428,20260727
996,0,0,0,0,0,1,0,20260428,20260727
1008,0,0,0,0,0,1,0,20260428,20260727
S103708_32,1,1,1,1,1,0,0,20260428,20260516
S103708_21,0,0,0,0,0,0,1,20260428,20260516
S103708_14,0,0,0,0,0,1,0,20260428,20260516
S123314_32,1,1,1,1,1,0,0,20260517,20260727
S123314_21,0,0,0,0,0,0,1,20260517,20260727
S123314_14,0,0,0,0,0,1,0,20260517,20260727
S118098_32,1,1,1,1,1,0,0,20260428,20260516
S118098_14,0,0,0,0,0,1,0,20260428,20260516
S123315_32,1,1,1,1,1,0,0,20260517,20260727
S123315_14,0,0,0,0,0,1,0,20260517,20260727
S103710_15,1,1,1,1,1,0,0,20260428,20260516
S123316_15,1,1,1,1,1,0,0,20260517,20260727
S103711_15,1,1,1,1,1,0,0,20260428,20260516
S123317_15,1,1,1,1,1,0,0,20260517,20260727
S113755_21,0,0,0,0,0,0,1,20260428,20260516
S113755_32,1,1,1,1,1,0,0,20260428,20260516
S113755_14,0,0,0,0,0,1,0,20260428,20260516
S123318_21,0,0,0,0,0,0,1,20260517,20260727
S123318_32,1,1,1,1,1,0,0,20260517,20260727
S123318_14,0,0,0,0,0,1,0,20260517,20260727
S113756_32,1,1,1,1,1,0,0,20260428,20260516
S123319_32,1,1,1,1,1,0,0,20260517,20260727
S103714_32,1,1,1,1,1,0,0,20260428,20260516
S103714_21,0,0,0,0,0,0,1,20260428,20260516
S103714_14,0,0,0,0,0,1,0,20260428,20260516
S103714_13,1,1,1,1,1,0,0,20260428,20260516
S123320_32,1,1,1,1,1,0,0,20260517,20260727
S123320_21,0,0,0,0,0,0,1,20260517,20260727
S123320_14,0,0,0,0,0,1,0,20260517,20260727
S123320_13,1,1,1,1,1,0,0,20260517,20260727
S103715_15,1,1,1,1,1,0,0,20260428,20260516
S123321_15,1,1,1,1,1,0,0,20260517,20260727
S103716_15,1,1,1,1,1,0,0,20260428,20260516
S123322_15,1,1,1,1,1,0,0,20260517,20260727
S103717_32,1,1,1,1,1,0,0,20260428,20260516
S123323_32,1,1,1,1,1,0,0,20260517,20260727
S103718_15,1,1,1,1,1,0,0,20260428,20260516
S123324_15,1,1,1,1,1,0,0,20260517,20260727
S103719_15,1,1,1,1,1,0,0,20260428,20260516
S123325_15,1,1,1,1,1,0,0,20260517,20260727
S103720_15,1,1,1,1,1,0,0,20260428,20260516
S123326_15,1,1,1,1,1,0,0,20260517,20260727
S103721_15,1,1,1,1,1,0,0,20260428,20260516
S123327_15,1,1,1,1,1,0,0,20260517,20260727
S103722_32,1,1,1,1,1,0,0,20260428,20260516
S103722_21,0,0,0,0,0,0,1,20260428,20260516
S103722_14,0,0,0,0,0,1,0,20260428,20260516
S103722_13,1,1,1,1,1,0,0,20260428,20260516
S123328_32,1,1,1,1,1,0,0,20260517,20260727
S123328_21,0,0,0,0,0,0,1,20260517,20260727
S123328_14,0,0,0,0,0,1,0,20260517,20260727
S123328_13,1,1,1,1,1,0,0,20260517,20260727
S103723_15,1,1,1,1,1,0,0,20260428,20260516
S123329_15,1,1,1,1,1,0,0,20260517,20260727
S103724_15,1,1,1,1,1,0,0,20260428,20260516
S123330_15,1,1,1,1,1,0,0,20260517,20260727
S103725_15,1,1,1,1,1,0,0,20260428,20260516
S123331_15,1,1,1,1,1,0,0,20260517,20260727
S103726_15,1,1,1,1,1,0,0,20260428,20260516
S123332_15,1,1,1,1,1,0,0,20260517,20260727
S108253_32,1,1,1,1,1,0,0,20260428,20260516
S123333_32,1,1,1,1,1,0,0,20260517,20260727
S108254_32,1,1,1,1,1,0,0,20260428,20260516
S123334_32,1,1,1,1,1,0,0,20260517,20260727
S103496_32,1,1,1,1,1,0,0,20260428,20260516
S103496_21,0,0,0,0,0,0,1,20260428,20260516
S103496_14,0,0,0,0,0,1,0,20260428,20260516
S103496_13,1,1,1,1,1,0,0,20260428,20260516
S123335_32,1,1,1,1,1,0,0,20260517,20260727
S123335_21,0,0,0,0,0,0,1,20260517,20260727
S123335_14,0,0,0,0,0,1,0,20260517,20260727
S123335_13,1,1,1,1,1,0,0,20260517,20260727
S103497_15,1,1,1,1,1,0,0,20260428,20260516
S123336_15,1,1,1,1,1,0,0,20260517,20260727
S103498_15,1,1,1,1,1,0,0,20260428,20260516
S123337_15,1,1,1,1,1,0,0,20260517,20260727
S103499_32,1,1,1,1,1,0,0,20260428,20260516
S103499_14,0,0,0,0,0,1,0,20260428,20260516
S123338_32,1,1,1,1,1,0,0,20260517,20260727
S123338_14,0,0,0,0,0,1,0,20260517,20260727
S103500_15,1,1,1,1,1,0,0,20260428,20260516
S103500_32,1,1,1,1,1,0,0,20260428,20260516
S103500_21,0,0,0,0,0,0,1,20260428,20260516
S103500_14,0,0,0,0,0,1,0,20260428,20260516
S103500_13,1,1,1,1,1,0,0,20260428,20260516
S123339_15,1,1,1,1,1,0,0,20260517,20260727
S123339_32,1,1,1,1,1,0,0,20260517,20260727
S123339_21,0,0,0,0,0,0,1,20260517,20260727
S123339_14,0,0,0,0,0,1,0,20260517,20260727
S123339_13,1,1,1,1,1,0,0,20260517,20260727
S103501_15,1,1,1,1,1,0,0,20260428,20260516
S123340_15,1,1,1,1,1,0,0,20260517,20260727
S112536_32,1,1,1,1,1,0,0,20260428,20260516
S112536_21,0,0,0,0,0,0,1,20260428,20260516
S112536_14,0,0,0,0,0,1,0,20260428,20260516
S123341_32,1,1,1,1,1,0,0,20260517,20260727
S123341_21,0,0,0,0,0,0,1,20260517,20260727
S123341_14,0,0,0,0,0,1,0,20260517,20260727
S112537_32,1,1,1,1,1,0,0,20260428,20260516
S112537_13,1,1,1,1,1,0,0,20260428,20260516
S123342_32,1,1,1,1,1,0,0,20260517,20260727
S123342_13,1,1,1,1,1,0,0,20260517,20260727
S112538_15,1,1,1,1,1,0,0,20260428,20260516
S123343_15,1,1,1,1,1,0,0,20260517,20260727
S112539_32,1,1,1,1,1,0,0,20260428,20260516
S112539_21,0,0,0,0,0,0,1,20260428,20260516
S112539_14,0,0,0,0,0,1,0,20260428,20260516
S112539_13,1,1,1,1,1,0,0,20260428,20260516
S123344_32,1,1,1,1,1,0,0,20260517,20260727
S123344_21,0,0,0,0,0,0,1,20260517,20260727
S123344_14,0,0,0,0,0,1,0,20260517,20260727
S123344_13,1,1,1,1,1,0,0,20260517,20260727
S112540_15,1,1,1,1,1,0,0,20260428,20260516
S123345_15,1,1,1,1,1,0,0,20260517,20260727
S112541_15,1,1,1,1,1,0,0,20260428,20260516
S123346_15,1,1,1,1,1,0,0,20260517,20260727
S114621_15,1,1,1,1,1,0,0,20260428,20260516
S123347_15,1,1,1,1,1,0,0,20260517,20260727
S103731_32,1,1,1,1,1,0,0,20260428,20260516
S103731_21,0,0,0,0,0,0,1,20260428,20260516
S103731_14,0,0,0,0,0,1,0,20260428,20260516
S124788_32,1,1,1,1,1,0,0,20260517,20260727
S124788_21,0,0,0,0,0,0,1,20260517,20260727
S124788_14,0,0,0,0,0,1,0,20260517,20260727
S124788_13,1,1,1,1,1,0,0,20260517,20260727
S103732_15,1,1,1,1,1,0,0,20260428,20260516
S124789_15,1,1,1,1,1,0,0,20260517,20260727
S118101_32,1,1,1,1,1,0,0,20260428,20260516
S118101_21,0,0,0,0,0,0,1,20260428,20260516
S118101_14,0,0,0,0,0,1,0,20260428,20260516
S124790_32,1,1,1,1,1,0,0,20260517,20260727
S124790_21,0,0,0,0,0,0,1,20260517,20260727
S124790_14,0,0,0,0,0,1,0,20260517,20260727
S103734_15,1,1,1,1,1,0,0,20260428,20260516
S124791_15,1,1,1,1,1,0,0,20260517,20260727
S103735_15,1,1,1,1,1,0,0,20260428,20260516
S103735_32,1,1,1,1,1,0,0,20260428,20260516
S103735_21,0,0,0,0,0,0,1,20260428,20260516
S103735_14,0,0,0,0,0,1,0,20260428,20260516
S124792_15,1,1,1,1,1,0,0,20260517,20260727
S124792_32,1,1,1,1,1,0,0,20260517,20260727
S124792_21,0,0,0,0,0,0,1,20260517,20260727
S124792_14,0,0,0,0,0,1,0,20260517,20260727
S103736_21,0,0,0,0,0,0,1,20260428,20260516
S103736_32,1,1,1,1,1,0,0,20260428,20260516
S103736_14,0,0,0,0,0,1,0,20260428,20260516
S124793_15,1,1,1,1,1,0,0,20260517,20260727
S124793_21,0,0,0,0,0,0,1,20260517,20260727
S124793_32,1,1,1,1,1,0,0,20260517,20260727
S124793_14,0,0,0,0,0,1,0,20260517,20260727
S103752_32,1,1,1,1,1,0,0,20260428,20260516
S103752_21,0,0,0,0,0,0,1,20260428,20260516
S103752_14,0,0,0,0,0,1,0,20260428,20260516
S124781_32,1,1,1,1,1,0,0,20260517,20260727
S124781_21,0,0,0,0,0,0,1,20260517,20260727
S124781_14,0,0,0,0,0,1,0,20260517,20260727
S103753_32,1,1,1,1,1,0,0,20260428,20260516
S103753_21,0,0,0,0,0,0,1,20260428,20260516
S103753_14,0,0,0,0,0,1,0,20260428,20260516
S124782_21,0,0,0,0,0,0,1,20260517,20260727
S124782_14,0,0,0,0,0,1,0,20260517,20260727
S103755_32,1,1,1,1,1,0,0,20260428,20260516
S103755_21,0,0,0,0,0,0,1,20260428,20260516
S103755_14,0,0,0,0,0,1,0,20260428,20260516
S124784_32,1,1,1,1,1,0,0,20260517,20260727
S124784_21,0,0,0,0,0,0,1,20260517,20260727
S124784_14,0,0,0,0,0,1,0,20260517,20260727
S103756_32,1,1,1,1,1,0,0,20260428,20260516
S103756_21,0,0,0,0,0,0,1,20260428,20260516
S103756_14,0,0,0,0,0,1,0,20260428,20260516
S103756_13,1,1,1,1,1,0,0,20260428,20260516
S124785_21,0,0,0,0,0,0,1,20260517,20260727
S124785_14,0,0,0,0,0,1,0,20260517,20260727
S117415_32,1,1,1,1,1,0,0,20260428,20260516
S117415_21,0,0,0,0,0,0,1,20260428,20260516
S117415_14,0,0,0,0,0,1,0,20260428,20260516
S117415_13,1,1,1,1,1,0,0,20260428,20260516
S123348_32,1,1,1,1,1,0,0,20260517,20260727
S123348_21,0,0,0,0,0,0,1,20260517,20260727
S123348_14,0,0,0,0,0,1,0,20260517,20260727
S123348_13,1,1,1,1,1,0,0,20260517,20260727
S117416_15,1,1,1,1,1,0,0,20260428,20260516
S123349_15,1,1,1,1,1,0,0,20260517,20260727
S117417_21,0,0,0,0,0,0,1,20260428,20260516
S117417_32,1,1,1,1,1,0,0,20260428,20260516
S117417_14,0,0,0,0,0,1,0,20260428,20260516
S123350_21,0,0,0,0,0,0,1,20260517,20260727
S123350_32,1,1,1,1,1,0,0,20260517,20260727
S123350_14,0,0,0,0,0,1,0,20260517,20260727
S117418_15,1,1,1,1,1,0,0,20260428,20260516
S123351_15,1,1,1,1,1,0,0,20260517,20260727
S117419_15,1,1,1,1,1,0,0,20260428,20260516
S123352_15,1,1,1,1,1,0,0,20260517,20260727
S117420_15,1,1,1,1,1,0,0,20260428,20260516
S123353_15,1,1,1,1,1,0,0,20260517,20260727
S118100_32,1,1,1,1,1,0,0,20260428,20260516
S123354_32,1,1,1,1,1,0,0,20260517,20260727
S123354_14,0,0,0,0,0,1,0,20260517,20260727
S117422_15,1,1,1,1,1,0,0,20260428,20260516
S123355_15,1,1,1,1,1,0,0,20260517,20260727
S120006_32,1,1,1,1,1,0,0,20260428,20260516
S120006_21,0,0,0,0,0,0,1,20260428,20260516
S120006_14,0,0,0,0,0,1,0,20260428,20260516
S123356_32,1,1,1,1,1,0,0,20260517,20260727
S123356_21,0,0,0,0,0,0,1,20260517,20260727
S123356_14,0,0,0,0,0,1,0,20260517,20260727
S123356_13,1,1,1,1,1,0,0,20260517,20260727
S117424_32,1,1,1,1,1,0,0,20260428,20260516
S123357_32,1,1,1,1,1,0,0,20260517,20260727
S117425_21,0,0,0,0,0,0,1,20260428,20260516
S117425_32,1,1,1,1,1,0,0,20260428,20260516
S117425_14,0,0,0,0,0,1,0,20260428,20260516
S123358_21,0,0,0,0,0,0,1,20260517,20260727
S123358_32,1,1,1,1,1,0,0,20260517,20260727
S123358_14,0,0,0,0,0,1,0,20260517,20260727
S117426_32,1,1,1,1,1,0,0,20260428,20260516
S123359_32,1,1,1,1,1,0,0,20260517,20260727
S117427_15,1,1,1,1,1,0,0,20260428,20260516
S123360_15,1,1,1,1,1,0,0,20260517,20260727
S117428_15,1,1,1,1,1,0,0,20260428,20260516
S123361_15,1,1,1,1,1,0,0,20260517,20260727
S126717_767,0,0,0,0,0,1,0,20260428,20260502
S126717_667,0,0,0,0,0,1,0,20260428,20260502
S126717_668,0,0,0,0,0,1,0,20260428,20260502
S126870_767,0,0,0,0,0,1,0,20260503,20260727
S126870_667,0,0,0,0,0,1,0,20260503,20260727
S126870_668,0,0,0,0,0,1,0,20260503,20260727
S126680_812,0,0,0,0,0,1,0,20260428,20260502
S126680_404,0,0,0,0,0,1,0,20260428,20260502
S126680_403,0,0,0,0,0,1,0,20260428,20260502
S126680_767,0,0,0,0,0,1,0,20260428,20260502
S126871_404,0,0,0,0,0,1,0,20260503,20260727
S126871_812,0,0,0,0,0,1,0,20260503,20260727
S126871_403,0,0,0,0,0,1,0,20260503,20260727
S126871_767,0,0,0,0,0,1,0,20260503,20260727
S124723_767,0,0,0,0,0,1,0,20260428,20260502
S126872_767,0,0,0,0,0,1,0,20260503,20260727
S124724_767,0,0,0,0,0,1,0,20260428,20260502
S126873_767,0,0,0,0,0,1,0,20260503,20260727
S124189_32,1,1,1,1,1,0,0,20260428,20260502
S124189_13,1,1,1,1,1,0,0,20260428,20260502
S126810_32,1,1,1,1,1,0,0,20260503,20260727
S126810_13,1,1,1,1,1,0,0,20260503,20260727
S118440_32,1,1,1,1,1,0,0,20260428,20260502
S126811_32,1,1,1,1,1,0,0,20260503,20260727
S120793_15,1,1,1,1,1,0,0,20260428,20260502
S126812_15,1,1,1,1,1,0,0,20260503,20260727
S120794_15,1,1,1,1,1,0,0,20260428,20260502
S126813_15,1,1,1,1,1,0,0,20260503,20260727
S120795_15,1,1,1,1,1,0,0,20260428,20260502
S126814_15,1,1,1,1,1,0,0,20260503,20260727
S120796_15,1,1,1,1,1,0,0,20260428,20260502
S126815_15,1,1,1,1,1,0,0,20260503,20260727
S120797_32,1,1,1,1,1,0,0,20260428,20260502
S120797_13,1,1,1,1,1,0,0,20260428,20260502
S126816_32,1,1,1,1,1,0,0,20260503,20260727
S126816_13,1,1,1,1,1,0,0,20260503,20260727
S124190_32,1,1,1,1,1,0,0,20260428,20260502
S126817_32,1,1,1,1,1,0,0,20260503,20260727
S124191_15,1,1,1,1,1,0,0,20260428,20260502
S126818_15,1,1,1,1,1,0,0,20260503,20260727
S126695_404,0,0,0,0,0,1,0,20260428,20260502
S126695_522,0,0,0,0,0,1,0,20260428,20260502
S126909_404,0,0,0,0,0,1,0,20260503,20260727
S126909_522,0,0,0,0,0,1,0,20260503,20260727
S126457_404,0,0,0,0,0,1,0,20260428,20260502
S126457_403,0,0,0,0,0,1,0,20260428,20260502
S126910_404,0,0,0,0,0,1,0,20260503,20260727
S126910_403,0,0,0,0,0,1,0,20260503,20260727
S126696_404,0,0,0,0,0,1,0,20260428,20260502
S126696_405,0,0,0,0,0,1,0,20260428,20260502
S126696_403,0,0,0,0,0,1,0,20260428,20260502
S126696_522,0,0,0,0,0,1,0,20260428,20260502
S126911_404,0,0,0,0,0,1,0,20260503,20260727
S126911_405,0,0,0,0,0,1,0,20260503,20260727
S126911_403,0,0,0,0,0,1,0,20260503,20260727
S126911_522,0,0,0,0,0,1,0,20260503,20260727
S126697_404,0,0,0,0,0,1,0,20260428,20260502
S126697_812,0,0,0,0,0,1,0,20260428,20260502
S126697_405,0,0,0,0,0,1,0,20260428,20260502
S126697_403,0,0,0,0,0,1,0,20260428,20260502
S126697_522,0,0,0,0,0,1,0,20260428,20260502
S126912_404,0,0,0,0,0,1,0,20260503,20260727
S126912_812,0,0,0,0,0,1,0,20260503,20260727
S126912_405,0,0,0,0,0,1,0,20260503,20260727
S126912_403,0,0,0,0,0,1,0,20260503,20260727
S126912_522,0,0,0,0,0,1,0,20260503,20260727
S126698_404,0,0,0,0,0,1,0,20260428,20260502
S126698_405,0,0,0,0,0,1,0,20260428,20260502
S126698_522,0,0,0,0,0,1,0,20260428,20260502
S126698_403,0,0,0,0,0,1,0,20260428,20260502
S126913_404,0,0,0,0,0,1,0,20260503,20260727
S126913_405,0,0,0,0,0,1,0,20260503,20260727
S126913_522,0,0,0,0,0,1,0,20260503,20260727
S126913_403,0,0,0,0,0,1,0,20260503,20260727
S126700_404,0,0,0,0,0,1,0,20260428,20260502
S126700_405,0,0,0,0,0,1,0,20260428,20260502
S126700_522,0,0,0,0,0,1,0,20260428,20260502
S126700_403,0,0,0,0,0,1,0,20260428,20260502
S126914_404,0,0,0,0,0,1,0,20260503,20260727
S126914_405,0,0,0,0,0,1,0,20260503,20260727
S126914_522,0,0,0,0,0,1,0,20260503,20260727
S126914_403,0,0,0,0,0,1,0,20260503,20260727
S126702_404,0,0,0,0,0,1,0,20260428,20260502
S126702_405,0,0,0,0,0,1,0,20260428,20260502
S126702_522,0,0,0,0,0,1,0,20260428,20260502
S126702_403,0,0,0,0,0,1,0,20260428,20260502
S126915_404,0,0,0,0,0,1,0,20260503,20260727
S126915_405,0,0,0,0,0,1,0,20260503,20260727
S126915_522,0,0,0,0,0,1,0,20260503,20260727
S126915_403,0,0,0,0,0,1,0,20260503,20260727
S126703_404,0,0,0,0,0,1,0,20260428,20260502
S126703_405,0,0,0,0,0,1,0,20260428,20260502
S126703_522,0,0,0,0,0,1,0,20260428,20260502
S126703_403,0,0,0,0,0,1,0,20260428,20260502
S126916_812,0,0,0,0,0,1,0,20260503,20260727
S126916_404,0,0,0,0,0,1,0,20260503,20260727
S126916_405,0,0,0,0,0,1,0,20260503,20260727
S126916_522,0,0,0,0,0,1,0,20260503,20260727
S126916_403,0,0,0,0,0,1,0,20260503,20260727
S126705_404,0,0,0,0,0,1,0,20260428,20260502
S126705_405,0,0,0,0,0,1,0,20260428,20260502
S126705_522,0,0,0,0,0,1,0,20260428,20260502
S126705_403,0,0,0,0,0,1,0,20260428,20260502
S126917_404,0,0,0,0,0,1,0,20260503,20260727
S126917_405,0,0,0,0,0,1,0,20260503,20260727
S126917_522,0,0,0,0,0,1,0,20260503,20260727
S126917_403,0,0,0,0,0,1,0,20260503,20260727
S126706_404,0,0,0,0,0,1,0,20260428,20260502
S126706_405,0,0,0,0,0,1,0,20260428,20260502
S126706_522,0,0,0,0,0,1,0,20260428,20260502
S126706_403,0,0,0,0,0,1,0,20260428,20260502
S126918_404,0,0,0,0,0,1,0,20260503,20260727
S126918_405,0,0,0,0,0,1,0,20260503,20260727
S126918_522,0,0,0,0,0,1,0,20260503,20260727
S126918_403,0,0,0,0,0,1,0,20260503,20260727
S126707_404,0,0,0,0,0,1,0,20260428,20260502
S126707_405,0,0,0,0,0,1,0,20260428,20260502
S126707_522,0,0,0,0,0,1,0,20260428,20260502
S126707_403,0,0,0,0,0,1,0,20260428,20260502
S126919_404,0,0,0,0,0,1,0,20260503,20260727
S126919_405,0,0,0,0,0,1,0,20260503,20260727
S126919_522,0,0,0,0,0,1,0,20260503,20260727
S126919_403,0,0,0,0,0,1,0,20260503,20260727
S126708_404,0,0,0,0,0,1,0,20260428,20260502
S126708_405,0,0,0,0,0,1,0,20260428,20260502
S126708_522,0,0,0,0,0,1,0,20260428,20260502
S126708_403,0,0,0,0,0,1,0,20260428,20260502
S126920_404,0,0,0,0,0,1,0,20260503,20260727
S126920_812,0,0,0,0,0,1,0,20260503,20260727
S126920_405,0,0,0,0,0,1,0,20260503,20260727
S126920_522,0,0,0,0,0,1,0,20260503,20260727
S126920_403,0,0,0,0,0,1,0,20260503,20260727
S126709_404,0,0,0,0,0,1,0,20260428,20260502
S126709_405,0,0,0,0,0,1,0,20260428,20260502
S126709_522,0,0,0,0,0,1,0,20260428,20260502
S126709_403,0,0,0,0,0,1,0,20260428,20260502
S126921_404,0,0,0,0,0,1,0,20260503,20260727
S126921_405,0,0,0,0,0,1,0,20260503,20260727
S126921_522,0,0,0,0,0,1,0,20260503,20260727
S126921_403,0,0,0,0,0,1,0,20260503,20260727
S125476_812,0,0,0,0,0,1,0,20260428,20260502
S126931_812,0,0,0,0,0,1,0,20260503,20260727
S126116_812,0,0,0,0,0,1,0,20260428,20260502
S126116_580,0,0,0,0,0,1,0,20260428,20260502
S126932_812,0,0,0,0,0,1,0,20260503,20260727
S126932_580,0,0,0,0,0,1,0,20260503,20260727
S126121_812,0,0,0,0,0,1,0,20260428,20260502
S126933_812,0,0,0,0,0,1,0,20260503,20260727
S126077_812,0,0,0,0,0,1,0,20260428,20260502
S126934_812,0,0,0,0,0,1,0,20260503,20260727
S122533_812,0,0,0,0,0,1,0,20260428,20260502
S126935_812,0,0,0,0,0,1,0,20260503,20260727
S124701_812,0,0,0,0,0,1,0,20260428,20260502
S126936_812,0,0,0,0,0,1,0,20260503,20260727
S126647_812,0,0,0,0,0,1,0,20260428,20260502
S126647_580,0,0,0,0,0,1,0,20260428,20260502
S126647_620,0,0,0,0,0,1,0,20260428,20260502
S126937_812,0,0,0,0,0,1,0,20260503,20260727
S126937_580,0,0,0,0,0,1,0,20260503,20260727
S126937_620,0,0,0,0,0,1,0,20260503,20260727
S124702_812,0,0,0,0,0,1,0,20260428,20260502
S126137_812,0,0,0,0,0,1,0,20260428,20260502
S126939_812,0,0,0,0,0,1,0,20260503,20260727
S126081_812,0,0,0,0,0,1,0,20260428,20260502
S126081_984,0,0,0,0,0,1,0,20260428,20260502
S126940_984,0,0,0,0,0,1,0,20260503,20260727
S126082_812,0,0,0,0,0,1,0,20260428,20260502
S126941_812,0,0,0,0,0,1,0,20260503,20260727
S126674_404,0,0,0,0,0,1,0,20260428,20260502
S126674_403,0,0,0,0,0,1,0,20260428,20260502
S126674_522,0,0,0,0,0,1,0,20260428,20260502
S126888_404,0,0,0,0,0,1,0,20260503,20260727
S126888_403,0,0,0,0,0,1,0,20260503,20260727
S126888_522,0,0,0,0,0,1,0,20260503,20260727
S126675_404,0,0,0,0,0,1,0,20260428,20260502
S126675_403,0,0,0,0,0,1,0,20260428,20260502
S126675_522,0,0,0,0,0,1,0,20260428,20260502
S126889_404,0,0,0,0,0,1,0,20260503,20260727
S126889_403,0,0,0,0,0,1,0,20260503,20260727
S126889_522,0,0,0,0,0,1,0,20260503,20260727
S126452_812,0,0,0,0,0,1,0,20260428,20260502
S126452_404,0,0,0,0,0,1,0,20260428,20260502
S126452_403,0,0,0,0,0,1,0,20260428,20260502
S126890_812,0,0,0,0,0,1,0,20260503,20260727
S126890_404,0,0,0,0,0,1,0,20260503,20260727
S126890_403,0,0,0,0,0,1,0,20260503,20260727
S126676_404,0,0,0,0,0,1,0,20260428,20260502
S126676_405,0,0,0,0,0,1,0,20260428,20260502
S126676_403,0,0,0,0,0,1,0,20260428,20260502
S126676_522,0,0,0,0,0,1,0,20260428,20260502
S126891_404,0,0,0,0,0,1,0,20260503,20260727
S126891_405,0,0,0,0,0,1,0,20260503,20260727
S126891_403,0,0,0,0,0,1,0,20260503,20260727
S126891_522,0,0,0,0,0,1,0,20260503,20260727
S126677_404,0,0,0,0,0,1,0,20260428,20260502
S126677_405,0,0,0,0,0,1,0,20260428,20260502
S126677_403,0,0,0,0,0,1,0,20260428,20260502
S126677_522,0,0,0,0,0,1,0,20260428,20260502
S126892_404,0,0,0,0,0,1,0,20260503,20260727
S126892_405,0,0,0,0,0,1,0,20260503,20260727
S126892_403,0,0,0,0,0,1,0,20260503,20260727
S126892_522,0,0,0,0,0,1,0,20260503,20260727
S126678_404,0,0,0,0,0,1,0,20260428,20260502
S126678_405,0,0,0,0,0,1,0,20260428,20260502
S126678_403,0,0,0,0,0,1,0,20260428,20260502
S126678_522,0,0,0,0,0,1,0,20260428,20260502
S126893_404,0,0,0,0,0,1,0,20260503,20260727
S126893_405,0,0,0,0,0,1,0,20260503,20260727
S126893_403,0,0,0,0,0,1,0,20260503,20260727
S126893_522,0,0,0,0,0,1,0,20260503,20260727
S126681_404,0,0,0,0,0,1,0,20260428,20260502
S126681_405,0,0,0,0,0,1,0,20260428,20260502
S126681_403,0,0,0,0,0,1,0,20260428,20260502
S126681_522,0,0,0,0,0,1,0,20260428,20260502
S126894_404,0,0,0,0,0,1,0,20260503,20260727
S126894_405,0,0,0,0,0,1,0,20260503,20260727
S126894_403,0,0,0,0,0,1,0,20260503,20260727
S126894_522,0,0,0,0,0,1,0,20260503,20260727
S126682_404,0,0,0,0,0,1,0,20260428,20260502
S126682_405,0,0,0,0,0,1,0,20260428,20260502
S126682_403,0,0,0,0,0,1,0,20260428,20260502
S126682_522,0,0,0,0,0,1,0,20260428,20260502
S126895_404,0,0,0,0,0,1,0,20260503,20260727
S126895_405,0,0,0,0,0,1,0,20260503,20260727
S126895_403,0,0,0,0,0,1,0,20260503,20260727
S126895_522,0,0,0,0,0,1,0,20260503,20260727
S126683_812,0,0,0,0,0,1,0,20260428,20260502
S126683_404,0,0,0,0,0,1,0,20260428,20260502
S126683_403,0,0,0,0,0,1,0,20260428,20260502
S126683_522,0,0,0,0,0,1,0,20260428,20260502
S126896_812,0,0,0,0,0,1,0,20260503,20260727
S126896_404,0,0,0,0,0,1,0,20260503,20260727
S126896_403,0,0,0,0,0,1,0,20260503,20260727
S126896_522,0,0,0,0,0,1,0,20260503,20260727
S126684_405,0,0,0,0,0,1,0,20260428,20260502
S126684_403,0,0,0,0,0,1,0,20260428,20260502
S126684_522,0,0,0,0,0,1,0,20260428,20260502
S126897_404,0,0,0,0,0,1,0,20260503,20260727
S126897_405,0,0,0,0,0,1,0,20260503,20260727
S126897_403,0,0,0,0,0,1,0,20260503,20260727
S126897_522,0,0,0,0,0,1,0,20260503,20260727
S126685_405,0,0,0,0,0,1,0,20260428,20260502
S126685_403,0,0,0,0,0,1,0,20260428,20260502
S126685_522,0,0,0,0,0,1,0,20260428,20260502
S126898_404,0,0,0,0,0,1,0,20260503,20260727
S126898_405,0,0,0,0,0,1,0,20260503,20260727
S126898_403,0,0,0,0,0,1,0,20260503,20260727
S126898_522,0,0,0,0,0,1,0,20260503,20260727
S126686_404,0,0,0,0,0,1,0,20260428,20260502
S126686_403,0,0,0,0,0,1,0,20260428,20260502
S126686_522,0,0,0,0,0,1,0,20260428,20260502
S126899_404,0,0,0,0,0,1,0,20260503,20260727
S126899_403,0,0,0,0,0,1,0,20260503,20260727
S126899_522,0,0,0,0,0,1,0,20260503,20260727
S126687_404,0,0,0,0,0,1,0,20260428,20260502
S126687_403,0,0,0,0,0,1,0,20260428,20260502
S126687_522,0,0,0,0,0,1,0,20260428,20260502
S126900_404,0,0,0,0,0,1,0,20260503,20260727
S126900_403,0,0,0,0,0,1,0,20260503,20260727
S126900_522,0,0,0,0,0,1,0,20260503,20260727
S126456_812,0,0,0,0,0,1,0,20260428,20260502
S126456_404,0,0,0,0,0,1,0,20260428,20260502
S126456_403,0,0,0,0,0,1,0,20260428,20260502
S126901_812,0,0,0,0,0,1,0,20260503,20260727
S126901_404,0,0,0,0,0,1,0,20260503,20260727
S126901_403,0,0,0,0,0,1,0,20260503,20260727
S126688_404,0,0,0,0,0,1,0,20260428,20260502
S126688_405,0,0,0,0,0,1,0,20260428,20260502
S126688_403,0,0,0,0,0,1,0,20260428,20260502
S126688_522,0,0,0,0,0,1,0,20260428,20260502
S126902_404,0,0,0,0,0,1,0,20260503,20260727
S126902_405,0,0,0,0,0,1,0,20260503,20260727
S126902_403,0,0,0,0,0,1,0,20260503,20260727
S126902_522,0,0,0,0,0,1,0,20260503,20260727
S126689_404,0,0,0,0,0,1,0,20260428,20260502
S126689_405,0,0,0,0,0,1,0,20260428,20260502
S126689_403,0,0,0,0,0,1,0,20260428,20260502
S126689_522,0,0,0,0,0,1,0,20260428,20260502
S126903_404,0,0,0,0,0,1,0,20260503,20260727
S126903_405,0,0,0,0,0,1,0,20260503,20260727
S126903_403,0,0,0,0,0,1,0,20260503,20260727
S126903_522,0,0,0,0,0,1,0,20260503,20260727
S126646_404,0,0,0,0,0,1,0,20260428,20260502
S126646_405,0,0,0,0,0,1,0,20260428,20260502
S126646_403,0,0,0,0,0,1,0,20260428,20260502
S126646_522,0,0,0,0,0,1,0,20260428,20260502
S126646_620,0,0,0,0,0,1,0,20260428,20260502
S126904_404,0,0,0,0,0,1,0,20260503,20260727
S126904_405,0,0,0,0,0,1,0,20260503,20260727
S126904_403,0,0,0,0,0,1,0,20260503,20260727
S126904_522,0,0,0,0,0,1,0,20260503,20260727
S126904_620,0,0,0,0,0,1,0,20260503,20260727
S126691_404,0,0,0,0,0,1,0,20260428,20260502
S126691_405,0,0,0,0,0,1,0,20260428,20260502
S126691_403,0,0,0,0,0,1,0,20260428,20260502
S126691_522,0,0,0,0,0,1,0,20260428,20260502
S126905_404,0,0,0,0,0,1,0,20260503,20260727
S126905_405,0,0,0,0,0,1,0,20260503,20260727
S126905_403,0,0,0,0,0,1,0,20260503,20260727
S126905_522,0,0,0,0,0,1,0,20260503,20260727
S126692_405,0,0,0,0,0,1,0,20260428,20260502
S126692_522,0,0,0,0,0,1,0,20260428,20260502
S126906_404,0,0,0,0,0,1,0,20260503,20260727
S126906_405,0,0,0,0,0,1,0,20260503,20260727
S126906_522,0,0,0,0,0,1,0,20260503,20260727
S126710_404,0,0,0,0,0,1,0,20260428,20260502
S126710_405,0,0,0,0,0,1,0,20260428,20260502
S126710_522,0,0,0,0,0,1,0,20260428,20260502
S126710_403,0,0,0,0,0,1,0,20260428,20260502
S126907_404,0,0,0,0,0,1,0,20260503,20260727
S126907_405,0,0,0,0,0,1,0,20260503,20260727
S126907_522,0,0,0,0,0,1,0,20260503,20260727
S126907_403,0,0,0,0,0,1,0,20260503,20260727
S126711_404,0,0,0,0,0,1,0,20260428,20260502
S126711_405,0,0,0,0,0,1,0,20260428,20260502
S126711_522,0,0,0,0,0,1,0,20260428,20260502
S126711_403,0,0,0,0,0,1,0,20260428,20260502
S126908_404,0,0,0,0,0,1,0,20260503,20260727
S126908_405,0,0,0,0,0,1,0,20260503,20260727
S126908_522,0,0,0,0,0,1,0,20260503,20260727
S126908_403,0,0,0,0,0,1,0,20260503,20260727
S126519_895,0,0,0,0,0,1,0,20260428,20260502
S126519_954,0,0,0,0,0,1,0,20260428,20260502
S126930_895,0,0,0,0,0,1,0,20260503,20260727
S126930_954,0,0,0,0,0,1,0,20260503,20260727
S126930_1011,0,0,0,0,0,1,0,20260503,20260727
S126930_1010,0,0,0,0,0,1,0,20260503,20260727
S126437_32,1,1,1,1,1,0,0,20260428,20260516
S125415_32,1,1,1,1,1,0,0,20260517,20260727
S126438_32,1,1,1,1,1,0,0,20260428,20260516
S125416_32,1,1,1,1,1,0,0,20260517,20260727
S126439_32,1,1,1,1,1,0,0,20260428,20260516
S125417_32,1,1,1,1,1,0,0,20260517,20260727
S126440_32,1,1,1,1,1,0,0,20260428,20260516
S125418_32,1,1,1,1,1,0,0,20260517,20260727
S126434_32,1,1,1,1,1,0,0,20260428,20260516
S126436_32,1,1,1,1,1,0,0,20260428,20260516
S126433_32,1,1,1,1,1,0,0,20260428,20260516
S126433_21,0,0,0,0,0,0,1,20260428,20260516
S126433_14,0,0,0,0,0,1,0,20260428,20260516
S125409_21,0,0,0,0,0,0,1,20260517,20260727
S125409_32,1,1,1,1,1,0,0,20260517,20260727
S125409_14,0,0,0,0,0,1,0,20260517,20260727
S126435_32,1,1,1,1,1,0,0,20260428,20260516
S126435_21,0,0,0,0,0,0,1,20260428,20260516
S126435_14,0,0,0,0,0,1,0,20260428,20260516
S125411_32,1,1,1,1,1,0,0,20260517,20260727
S125411_21,0,0,0,0,0,0,1,20260517,20260727
S125411_14,0,0,0,0,0,1,0,20260517,20260727
S126628_400,0,0,0,0,0,1,0,20260428,20260502
S126628_391,0,0,0,0,0,1,0,20260428,20260502
S127019_400,0,0,0,0,0,1,0,20260503,20260727
S127019_391,0,0,0,0,0,1,0,20260503,20260727
S126631_400,0,0,0,0,0,1,0,20260428,20260502
S126631_391,0,0,0,0,0,1,0,20260428,20260502
S127020_400,0,0,0,0,0,1,0,20260503,20260727
S127020_391,0,0,0,0,0,1,0,20260503,20260727
S125859_391,0,0,0,0,0,1,0,20260428,20260502
S126716_667,0,0,0,0,0,1,0,20260428,20260502
S126716_668,0,0,0,0,0,1,0,20260428,20260502
S127041_667,0,0,0,0,0,1,0,20260503,20260727
S127041_668,0,0,0,0,0,1,0,20260503,20260727
S103757_15,1,1,1,1,1,0,0,20260428,20260516
S103758_15,1,1,1,1,1,0,0,20260428,20260516
S103754_15,1,1,1,1,1,0,0,20260428,20260516
S124147_986,0,0,0,0,0,1,0,20260428,20260502
S126881_986,0,0,0,0,0,1,0,20260503,20260727
S124150_986,0,0,0,0,0,1,0,20260428,20260502
S126882_986,0,0,0,0,0,1,0,20260503,20260727
S124151_986,0,0,0,0,0,1,0,20260428,20260502
S126883_986,0,0,0,0,0,1,0,20260503,20260727
S124148_986,0,0,0,0,0,1,0,20260428,20260502
S126884_986,0,0,0,0,0,1,0,20260503,20260727
S124149_986,0,0,0,0,0,1,0,20260428,20260502
S126885_986,0,0,0,0,0,1,0,20260503,20260727
S103747_21,0,0,0,0,0,0,1,20260428,20260516
S103747_32,1,1,1,1,1,0,0,20260428,20260516
S103747_14,0,0,0,0,0,1,0,20260428,20260516
S103747_13,1,1,1,1,1,0,0,20260428,20260516
S125845_21,0,0,0,0,0,0,1,20260517,20260727
S125845_32,1,1,1,1,1,0,0,20260517,20260727
S125845_14,0,0,0,0,0,1,0,20260517,20260727
S125845_13,1,1,1,1,1,0,0,20260517,20260727
S103749_15,1,1,1,1,1,0,0,20260428,20260516
S125846_15,1,1,1,1,1,0,0,20260517,20260727
S118099_32,1,1,1,1,1,0,0,20260428,20260516
S118099_21,0,0,0,0,0,0,1,20260428,20260516
S118099_14,0,0,0,0,0,1,0,20260428,20260516
S118099_13,1,1,1,1,1,0,0,20260428,20260516
S125847_32,1,1,1,1,1,0,0,20260517,20260727
S125847_21,0,0,0,0,0,0,1,20260517,20260727
S125847_14,0,0,0,0,0,1,0,20260517,20260727
S125847_13,1,1,1,1,1,0,0,20260517,20260727
S103751_15,1,1,1,1,1,0,0,20260428,20260516
S125848_15,1,1,1,1,1,0,0,20260517,20260727
S125492_404,0,0,0,0,0,1,0,20260428,20260502
S126690_404,0,0,0,0,0,1,0,20260428,20260502
S126690_405,0,0,0,0,0,1,0,20260428,20260502
S126690_403,0,0,0,0,0,1,0,20260428,20260502
S126690_522,0,0,0,0,0,1,0,20260428,20260502
S126923_405,0,0,0,0,0,1,0,20260503,20260727
S126923_403,0,0,0,0,0,1,0,20260503,20260727
S126923_522,0,0,0,0,0,1,0,20260503,20260727
S125572_404,0,0,0,0,0,1,0,20260428,20260502
S126694_404,0,0,0,0,0,1,0,20260428,20260502
S126694_405,0,0,0,0,0,1,0,20260428,20260502
S126694_403,0,0,0,0,0,1,0,20260428,20260502
S126694_522,0,0,0,0,0,1,0,20260428,20260502
S126925_405,0,0,0,0,0,1,0,20260503,20260727
S126925_403,0,0,0,0,0,1,0,20260503,20260727
S126925_522,0,0,0,0,0,1,0,20260503,20260727
S126699_404,0,0,0,0,0,1,0,20260428,20260502
S126699_405,0,0,0,0,0,1,0,20260428,20260502
S126699_522,0,0,0,0,0,1,0,20260428,20260502
S126926_405,0,0,0,0,0,1,0,20260503,20260727
S126926_522,0,0,0,0,0,1,0,20260503,20260727
S126701_404,0,0,0,0,0,1,0,20260428,20260502
S126701_405,0,0,0,0,0,1,0,20260428,20260502
S126701_522,0,0,0,0,0,1,0,20260428,20260502
S126927_405,0,0,0,0,0,1,0,20260503,20260727
S126927_522,0,0,0,0,0,1,0,20260503,20260727
S126704_404,0,0,0,0,0,1,0,20260428,20260502
S126704_405,0,0,0,0,0,1,0,20260428,20260502
S126704_522,0,0,0,0,0,1,0,20260428,20260502
S126928_405,0,0,0,0,0,1,0,20260503,20260727
S126928_522,0,0,0,0,0,1,0,20260503,20260727
S125521_404,0,0,0,0,0,1,0,20260428,20260502
S125568_685,0,0,0,0,0,1,0,20260428,20260502
S127017_685,0,0,0,0,0,1,0,20260503,20260727
S124601_685,0,0,0,0,0,1,0,20260428,20260502
S127018_685,0,0,0,0,0,1,0,20260503,20260727
S124106_984,0,0,0,0,0,1,0,20260428,20260502
S127013_984,0,0,0,0,0,1,0,20260503,20260727
S126146_624,0,0,0,0,0,1,0,20260428,20260502
S126146_984,0,0,0,0,0,1,0,20260428,20260502
S127014_984,0,0,0,0,0,1,0,20260503,20260727
S127014_624,0,0,0,0,0,1,0,20260503,20260727
S126147_624,0,0,0,0,0,1,0,20260428,20260502
S126147_984,0,0,0,0,0,1,0,20260428,20260502
S127015_984,0,0,0,0,0,1,0,20260503,20260727
S127015_624,0,0,0,0,0,1,0,20260503,20260727
S126148_624,0,0,0,0,0,1,0,20260428,20260502
S126148_984,0,0,0,0,0,1,0,20260428,20260502
S127016_984,0,0,0,0,0,1,0,20260503,20260727
S127016_624,0,0,0,0,0,1,0,20260503,20260727
S126520_856,0,0,0,0,0,1,0,20260428,20260502
S126945_856,0,0,0,0,0,1,0,20260503,20260727
S126609_856,0,0,0,0,0,1,0,20260428,20260502
S126946_856,0,0,0,0,0,1,0,20260503,20260727
T5417602,1,1,1,1,1,0,0,20260428,20260727
T5417603,1,1,1,1,1,0,0,20260428,20260727
T5417604,1,1,1,1,1,0,0,20260428,20260727
T5417605,1,1,1,1,1,0,0,20260428,20260727
T5417606,1,1,1,1,1,0,0,20260428,20260727
T5417607,1,1,1,1,1,0,0,20260428,20260727
T5417608,1,1,1,1,1,0,0,20260428,20260727
T5418020,1,1,1,1,1,0,0,20260428,20260727
T5418021,1,1,1,1,1,0,0,20260428,20260727
T5418022,1,1,1,1,1,0,0,20260428,20260727
T5418023,1,1,1,1,1,0,0,20260428,20260727
T5418049,1,1,1,1,1,0,0,20260428,20260727
T5418050,1,1,1,1,1,0,0,20260428,20260727
T5418051,1,1,1,1,1,0,0,20260428,20260727
T5418052,1,1,1,1,1,0,0,20260428,20260727
T5418053,1,1,1,1,1,0,0,20260428,20260727
T5418054,1,1,1,1,1,0,0,20260428,20260727
T5418055,1,1,1,1,1,0,0,20260428,20260727
T5418056,1,1,1,1,1,0,0,20260428,20260727
T5418057,1,1,1,1,1,0,0,20260428,20260727
T5418066,1,1,1,1,1,0,0,20260428,20260727
T5418067,1,1,1,1,1,0,0,20260428,20260727
T5580596,1,1,1,1,1,0,0,20260428,20260727
T6195124,0,0,0,0,0,1,0,20260428,20260727
T6195125,0,0,0,0,0,1,0,20260428,20260727
T6195126,0,0,0,0,0,1,0,20260428,20260727
T6195127,0,0,0,0,0,1,0,20260428,20260727
T6195128,0,0,0,0,0,1,0,20260428,20260727
T6195129,0,0,0,0,0,1,0,20260428,20260727
T6195130,0,0,0,0,0,1,0,20260428,20260727
T6195131,0,0,0,0,0,1,0,20260428,20260727
T6195132,0,0,0,0,0,1,0,20260428,20260727
T6195133,0,0,0,0,0,1,0,20260428,20260727
T6195134,0,0,0,0,0,1,0,20260428,20260727
T6195135,0,0,0,0,0,1,0,20260428,20260727
T6195136,0,0,0,0,0,1,0,20260428,20260727
T6195137,0,0,0,0,0,1,0,20260428,20260727
T6195138,0,0,0,0,0,1,0,20260428,20260727
T6195139,0,0,0,0,0,1,0,20260428,20260727
T6195140,0,0,0,0,0,1,0,20260428,20260727
T6195141,0,0,0,0,0,1,0,20260428,20260727
T6195180,1,1,1,1,1,0,0,20260428,20260727
T6195266,0,0,0,0,0,0,1,20260428,20260727
T6195268,1,1,1,1,1,0,0,20260428,20260727
T6195270,1,1,1,1,1,0,0,20260428,20260727
T6195271,1,1,1,1,1,0,0,20260428,20260727
T6195272,1,1,1,1,1,0,0,20260428,20260727
T6195273,1,1,1,1,1,0,0,20260428,20260727
T6195274,1,1,1,1,1,0,0,20260428,20260727
T6195275,1,1,1,1,1,0,0,20260428,20260727
T6195276,1,1,1,1,1,0,0,20260428,20260727
T6195277,0,0,0,0,0,1,0,20260428,20260727
T6195278,0,0,0,0,0,1,0,20260428,20260727
T6195279,0,0,0,0,0,1,0,20260428,20260727
T6195280,0,0,0,0,0,1,0,20260428,20260727
T6195281,0,0,0,0,0,1,0,20260428,20260727
T6195282,0,0,0,0,0,1,0,20260428,20260727
T6195283,0,0,0,0,0,1,0,20260428,20260727
T6195284,0,0,0,0,0,1,0,20260428,20260727
T6195285,0,0,0,0,0,1,0,20260428,20260727
T6195286,0,0,0,0,0,1,0,20260428,20260727
T6195287,0,0,0,0,0,1,0,20260428,20260727
T6195288,0,0,0,0,0,1,0,20260428,20260727
T6195289,0,0,0,0,0,1,0,20260428,20260727
T6195290,0,0,0,0,0,1,0,20260428,20260727
T6195291,0,0,0,0,0,1,0,20260428,20260727
T6195292,0,0,0,0,0,1,0,20260428,20260727
T6195293,0,0,0,0,0,1,0,20260428,20260727
T6195294,0,0,0,0,0,1,0,20260428,20260727
T6195295,0,0,0,0,0,1,0,20260428,20260727
T6195296,0,0,0,0,0,1,0,20260428,20260727
T6195297,0,0,0,0,0,1,0,20260428,20260727
T6195298,0,0,0,0,0,1,0,20260428,20260727
T6195311,0,0,0,0,0,0,1,20260428,20260727
T6195312,0,0,0,0,0,0,1,20260428,20260727
T6195313,0,0,0,0,0,0,1,20260428,20260727
T6195314,0,0,0,0,0,0,1,20260428,20260727
T6195315,0,0,0,0,0,0,1,20260428,20260727
T6195324,0,0,0,0,0,0,1,20260428,20260727
T6195325,0,0,0,0,0,0,1,20260428,20260727
T6195326,0,0,0,0,0,0,1,20260428,20260727
T6195327,0,0,0,0,0,0,1,20260428,20260727
T6195328,0,0,0,0,0,0,1,20260428,20260727
T6195329,0,0,0,0,0,0,1,20260428,20260727
T6195330,0,0,0,0,0,0,1,20260428,20260727
T6195331,0,0,0,0,0,0,1,20260428,20260727
T6195332,0,0,0,0,0,0,1,20260428,20260727
T6195333,0,0,0,0,0,0,1,20260428,20260727
T6195334,0,0,0,0,0,0,1,20260428,20260727
T6195335,0,0,0,0,0,0,1,20260428,20260727
T6195336,0,0,0,0,0,0,1,20260428,20260727
T6195337,0,0,0,0,0,0,1,20260428,20260727
T6195338,0,0,0,0,0,0,1,20260428,20260727
T6195341,1,1,1,1,1,0,0,20260428,20260727
T6195342,1,1,1,1,1,0,0,20260428,20260727
T6195343,1,1,1,1,1,0,0,20260428,20260727
T6195344,1,1,1,1,1,0,0,20260428,20260727
T6195345,1,1,1,1,1,0,0,20260428,20260727
T6195346,1,1,1,1,1,0,0,20260428,20260727
T6195347,1,1,1,1,1,0,0,20260428,20260727
T6195348,1,1,1,1,1,0,0,20260428,20260727
T6195349,1,1,1,1,1,0,0,20260428,20260727
T6195350,1,1,1,1,1,0,0,20260428,20260727
T6195351,1,1,1,1,1,0,0,20260428,20260727
T6195352,1,1,1,1,1,0,0,20260428,20260727
T6195353,1,1,1,1,1,0,0,20260428,20260727
T6195354,1,1,1,1,1,0,0,20260428,20260727
T6195355,1,1,1,1,1,0,0,20260428,20260727
T6195356,1,1,1,1,1,0,0,20260428,20260727
T6195357,1,1,1,1,1,0,0,20260428,20260727
T6195358,1,1,1,1,1,0,0,20260428,20260727
T6195359,1,1,1,1,1,0,0,20260428,20260727
T6195360,1,1,1,1,1,0,0,20260428,20260727
T6195361,1,1,1,1,1,0,0,20260428,20260727
T6195362,1,1,1,1,1,0,0,20260428,20260727
T6195363,1,1,1,1,1,0,0,20260428,20260727
T6195364,1,1,1,1,1,0,0,20260428,20260727
T6195365,1,1,1,1,1,0,0,20260428,20260727
T6195366,1,1,1,1,1,0,0,20260428,20260727
T6195367,1,1,1,1,1,0,0,20260428,20260727
T6195368,1,1,1,1,1,0,0,20260428,20260727
T6195369,1,1,1,1,1,0,0,20260428,20260727
T6195370,1,1,1,1,1,0,0,20260428,20260727
T6195371,1,1,1,1,1,0,0,20260428,20260727
T6195372,1,1,1,1,1,0,0,20260428,20260727
T6195373,1,1,1,1,1,0,0,20260428,20260727
T6195374,1,1,1,1,1,0,0,20260428,20260727
T6195376,1,1,1,1,1,0,0,20260428,20260727
T6195377,1,1,1,1,1,0,0,20260428,20260727
T6195378,1,1,1,1,1,0,0,20260428,20260727
T6195407,0,0,0,0,0,0,1,20260428,20260727
T6195408,0,0,0,0,0,0,1,20260428,20260727
T6195409,0,0,0,0,0,0,1,20260428,20260727
T6195410,0,0,0,0,0,0,1,20260428,20260727
T6195411,0,0,0,0,0,0,1,20260428,20260727
T6195412,0,0,0,0,0,0,1,20260428,20260727
T6195413,0,0,0,0,0,0,1,20260428,20260727
T6195414,0,0,0,0,0,0,1,20260428,20260727
T6195415,0,0,0,0,0,0,1,20260428,20260727
T6195416,0,0,0,0,0,0,1,20260428,20260727
T6195417,0,0,0,0,0,0,1,20260428,20260727
T6195418,0,0,0,0,0,0,1,20260428,20260727
T6195419,0,0,0,0,0,0,1,20260428,20260727
T6195420,0,0,0,0,0,0,1,20260428,20260727
T6195421,0,0,0,0,0,0,1,20260428,20260727
T6195422,0,0,0,0,0,0,1,20260428,20260727
T6195423,0,0,0,0,0,0,1,20260428,20260727
T6261019,1,1,1,1,1,0,0,20260428,20260727
T6261020,1,1,1,1,1,0,0,20260428,20260727
T6261072,0,0,0,0,0,0,1,20260428,20260727
T6261073,0,0,0,0,0,0,1,20260428,20260727
T6261074,0,0,0,0,0,0,1,20260428,20260727
T6261075,0,0,0,0,0,0,1,20260428,20260727
T6261076,0,0,0,0,0,0,1,20260428,20260727
T6261077,0,0,0,0,0,0,1,20260428,20260727
T6261078,0,0,0,0,0,0,1,20260428,20260727
T6261079,0,0,0,0,0,0,1,20260428,20260727
T6261080,1,1,1,1,1,0,0,20260428,20260727
T6261081,1,1,1,1,1,0,0,20260428,20260727
T6261082,1,1,1,1,1,0,0,20260428,20260727
T6261083,1,1,1,1,1,0,0,20260428,20260727
T6261094,0,0,0,0,0,1,0,20260428,20260727
T6261095,0,0,0,0,0,1,0,20260428,20260727
T6261096,0,0,0,0,0,1,0,20260428,20260727
T6261097,0,0,0,0,0,1,0,20260428,20260727
T6261098,0,0,0,0,0,1,0,20260428,20260727
T6261099,0,0,0,0,0,1,0,20260428,20260727
T6261100,0,0,0,0,0,1,0,20260428,20260727
T6261101,0,0,0,0,0,1,0,20260428,20260727
T6261102,0,0,0,0,0,1,0,20260428,20260727
T6261103,0,0,0,0,0,1,0,20260428,20260727
T6261104,0,0,0,0,0,1,0,20260428,20260727
T6261105,0,0,0,0,0,1,0,20260428,20260727
T6261106,0,0,0,0,0,1,0,20260428,20260727
T6261173,1,1,1,1,1,0,0,20260428,20260727
T6261174,1,1,1,1,1,0,0,20260428,20260727
T6261175,1,1,1,1,1,0,0,20260428,20260727
T6261176,1,1,1,1,1,0,0,20260428,20260727
T6261177,1,1,1,1,1,0,0,20260428,20260727
T6261195,0,0,0,0,0,0,1,20260428,20260727
T6261196,0,0,0,0,0,0,1,20260428,20260727
T6261197,0,0,0,0,0,0,1,20260428,20260727
T6261198,0,0,0,0,0,0,1,20260428,20260727
T6261199,0,0,0,0,0,0,1,20260428,20260727
T6261200,0,0,0,0,0,0,1,20260428,20260727
T6261201,0,0,0,0,0,0,1,20260428,20260727
T6261202,0,0,0,0,0,0,1,20260428,20260727
T6261203,0,0,0,0,0,0,1,20260428,20260727
T6261204,0,0,0,0,0,0,1,20260428,20260727
T6261205,0,0,0,0,0,0,1,20260428,20260727
T6261215,0,0,0,0,0,1,0,20260428,20260727
T6261217,0,0,0,0,0,1,0,20260428,20260727
T6261218,0,0,0,0,0,1,0,20260428,20260727
T6261252,0,0,0,0,0,1,0,20260428,20260727
T6261253,0,0,0,0,0,1,0,20260428,20260727
T6261254,0,0,0,0,0,1,0,20260428,20260727
T6261255,0,0,0,0,0,1,0,20260428,20260727
T6261256,0,0,0,0,0,1,0,20260428,20260727
T6261257,0,0,0,0,0,1,0,20260428,20260727
T6261258,0,0,0,0,0,1,0,20260428,20260727
T6261259,0,0,0,0,0,1,0,20260428,20260727
T6261260,0,0,0,0,0,1,0,20260428,20260727
T6261261,0,0,0,0,0,1,0,20260428,20260727
T6261262,0,0,0,0,0,1,0,20260428,20260727
T6261263,0,0,0,0,0,1,0,20260428,20260727
T6261264,0,0,0,0,0,1,0,20260428,20260727
T6261265,0,0,0,0,0,1,0,20260428,20260727
T6261266,0,0,0,0,0,1,0,20260428,20260727
T6261267,0,0,0,0,0,1,0,20260428,20260727
T6261268,0,0,0,0,0,1,0,20260428,20260727
T6261269,0,0,0,0,0,1,0,20260428,20260727
T6261270,0,0,0,0,0,1,0,20260428,20260727
T6261271,0,0,0,0,0,1,0,20260428,20260727
T6261272,0,0,0,0,0,1,0,20260428,20260727
T6261273,0,0,0,0,0,1,0,20260428,20260727
T6261274,0,0,0,0,0,1,0,20260428,20260727
T6261275,0,0,0,0,0,1,0,20260428,20260727
T6261276,0,0,0,0,0,1,0,20260428,20260727
T6261277,0,0,0,0,0,0,1,20260428,20260727
T6261278,0,0,0,0,0,0,1,20260428,20260727
T6261279,0,0,0,0,0,0,1,20260428,20260727
T6261280,0,0,0,0,0,0,1,20260428,20260727
T6261281,0,0,0,0,0,0,1,20260428,20260727
T6261287,1,1,1,1,1,0,0,20260428,20260727
T6261288,1,1,1,1,1,0,0,20260428,20260727
T6261289,1,1,1,1,1,0,0,20260428,20260727
T6261290,1,1,1,1,1,0,0,20260428,20260727
T6261291,1,1,1,1,1,0,0,20260428,20260727
T6261292,1,1,1,1,1,0,0,20260428,20260727
T6261293,1,1,1,1,1,0,0,20260428,20260727
T6261294,1,1,1,1,1,0,0,20260428,20260727
T6261295,1,1,1,1,1,0,0,20260428,20260727
T6261296,1,1,1,1,1,0,0,20260428,20260727
T6261297,1,1,1,1,1,0,0,20260428,20260727
T6261298,1,1,1,1,1,0,0,20260428,20260727
T6261299,1,1,1,1,1,0,0,20260428,20260727
T6261300,1,1,1,1,1,0,0,20260428,20260727
T6261301,1,1,1,1,1,0,0,20260428,20260727
T6261302,1,1,1,1,1,0,0,20260428,20260727
T6261303,1,1,1,1,1,0,0,20260428,20260727
T6261304,1,1,1,1,1,0,0,20260428,20260727
T6261305,1,1,1,1,1,0,0,20260428,20260727
T6261306,1,1,1,1,1,0,0,20260428,20260727
T6261307,1,1,1,1,1,0,0,20260428,20260727
T6261308,1,1,1,1,1,0,0,20260428,20260727
T6261309,0,0,0,0,1,0,0,20260428,20260727
T6261310,0,0,0,0,1,0,0,20260428,20260727
T6261311,0,0,0,0,1,0,0,20260428,20260727
T6261351,0,0,0,0,0,0,1,20260428,20260727
T6261352,0,0,0,0,0,0,1,20260428,20260727
T6261353,0,0,0,0,0,0,1,20260428,20260727
T6261354,0,0,0,0,0,0,1,20260428,20260727
T6261355,0,0,0,0,0,0,1,20260428,20260727
T6261356,0,0,0,0,0,0,1,20260428,20260727
T6261357,0,0,0,0,0,0,1,20260428,20260727
T6261358,0,0,0,0,0,0,1,20260428,20260727
T6261359,0,0,0,0,0,0,1,20260428,20260727
T6261360,0,0,0,0,0,0,1,20260428,20260727
T6261366,1,1,1,1,1,0,0,20260428,20260727
T6261367,1,1,1,1,1,0,0,20260428,20260727
T6261368,1,1,1,1,1,0,0,20260428,20260727
T6667639,0,0,0,0,0,1,0,20260428,20260727
T6667645,0,0,0,0,0,1,0,20260428,20260727
T6667652,0,0,0,0,0,1,0,20260428,20260727
T6667661,0,0,0,0,0,1,0,20260428,20260727
T6667670,0,0,0,0,0,1,0,20260428,20260727
T6667680,0,0,0,0,0,1,0,20260428,20260727
T6667690,0,0,0,0,0,1,0,20260428,20260727
T6667700,1,1,1,1,1,0,0,20260428,20260727
T6667701,1,1,1,1,1,0,0,20260428,20260727
T6667703,1,1,1,1,1,0,0,20260428,20260727
T6667714,1,1,1,1,1,0,0,20260428,20260727
T6667723,1,1,1,1,1,0,0,20260428,20260727
T6667733,1,1,1,1,1,0,0,20260428,20260727
T6667734,1,1,1,1,1,0,0,20260428,20260727
T6667755,1,1,1,1,1,0,0,20260428,20260727
T6667756,1,1,1,1,1,0,0,20260428,20260727
T6667766,1,1,1,1,1,0,0,20260428,20260727
T6667767,1,1,1,1,1,0,0,20260428,20260727
T6667774,0,0,0,0,0,0,1,20260428,20260727
T6667781,0,0,0,0,0,0,1,20260428,20260727
T6667790,0,0,0,0,0,0,1,20260428,20260727
T6667799,0,0,0,0,0,0,1,20260428,20260727
T6667807,0,0,0,0,0,0,1,20260428,20260727
T6667876,1,1,1,1,1,0,0,20260428,20260727
T6667878,1,1,1,1,1,0,0,20260428,20260727
T6667879,1,1,1,1,1,0,0,20260428,20260727
T6667881,1,1,1,1,1,0,0,20260428,20260727
T6667882,1,1,1,1,1,0,0,20260428,20260727
T6667889,1,1,1,1,1,0,0,20260428,20260727
T6667892,1,1,1,1,1,0,0,20260428,20260727
T6667896,0,0,0,0,0,0,1,20260428,20260727
T6667899,0,0,0,0,0,0,1,20260428,20260727
T6667904,0,0,0,0,0,0,1,20260428,20260727
T6667907,0,0,0,0,0,0,1,20260428,20260727
T6667914,0,0,0,0,0,0,1,20260428,20260727
T6667916,0,0,0,0,0,0,1,20260428,20260727
T6667917,0,0,0,0,0,0,1,20260428,20260727
T6667923,0,0,0,0,0,0,1,20260428,20260727
T6667925,0,0,0,0,0,0,1,20260428,20260727
T6667930,0,0,0,0,0,0,1,20260428,20260727
T6667932,0,0,0,0,0,0,1,20260428,20260727
T6667938,0,0,0,0,0,0,1,20260428,20260727
T6667939,0,0,0,0,0,0,1,20260428,20260727
T6667941,0,0,0,0,0,0,1,20260428,20260727
T6667945,0,0,0,0,0,0,1,20260428,20260727
T6667948,0,0,0,0,0,0,1,20260428,20260727
T6667955,0,0,0,0,0,1,0,20260428,20260727
T6667958,0,0,0,0,0,1,0,20260428,20260727
T6667963,0,0,0,0,0,1,0,20260428,20260727
T6667966,0,0,0,0,0,1,0,20260428,20260727
T6667971,0,0,0,0,0,1,0,20260428,20260727
T6667981,0,0,0,0,0,1,0,20260428,20260727
T6667984,0,0,0,0,0,1,0,20260428,20260727
T6667992,0,0,0,0,0,1,0,20260428,20260727
T6668000,0,0,0,0,0,1,0,20260428,20260727
T6668001,0,0,0,0,0,1,0,20260428,20260727
T6668003,0,0,0,0,0,1,0,20260428,20260727
T6668011,0,0,0,0,0,1,0,20260428,20260727
T6668013,0,0,0,0,0,1,0,20260428,20260727
T6668021,1,1,1,1,1,0,0,20260428,20260727
T6668022,1,1,1,1,1,0,0,20260428,20260727
T6668024,1,1,1,1,1,0,0,20260428,20260727
T6668025,1,1,1,1,1,0,0,20260428,20260727
T6668034,1,1,1,1,1,0,0,20260428,20260727
T6668035,1,1,1,1,1,0,0,20260428,20260727
T6668044,1,1,1,1,1,0,0,20260428,20260727
T6668046,1,1,1,1,1,0,0,20260428,20260727
T6668053,1,1,1,1,1,0,0,20260428,20260727
T6668056,1,1,1,1,1,0,0,20260428,20260727
T6668057,1,1,1,1,1,0,0,20260428,20260727
T6668064,1,1,1,1,1,0,0,20260428,20260727
T6668099,1,1,1,1,1,0,0,20260428,20260727
T6668105,1,1,1,1,1,0,0,20260428,20260727
T6668113,1,1,1,1,1,0,0,20260428,20260727
T6668125,1,1,1,1,1,0,0,20260428,20260727
T6668149,1,1,1,1,1,0,0,20260428,20260727
T6668155,1,1,1,1,1,0,0,20260428,20260727
T6668161,1,1,1,1,1,0,0,20260428,20260727
T6668184,0,0,0,0,0,0,1,20260428,20260727
T6668190,0,0,0,0,0,0,1,20260428,20260727
T6668197,0,0,0,0,0,0,1,20260428,20260727
T6668203,0,0,0,0,0,0,1,20260428,20260727
T6668211,0,0,0,0,0,0,1,20260428,20260727
T6668217,0,0,0,0,0,0,1,20260428,20260727
T6668276,1,1,1,1,1,0,0,20260428,20260727
T6668281,1,1,1,1,1,0,0,20260428,20260727
T6668283,1,1,1,1,1,0,0,20260428,20260727
T6668289,1,1,1,1,1,0,0,20260428,20260727
T6668297,1,1,1,1,1,0,0,20260428,20260727
T6668298,1,1,1,1,1,0,0,20260428,20260727
T6668300,1,1,1,1,1,0,0,20260428,20260727
T6668301,1,1,1,1,1,0,0,20260428,20260727
T6668321,1,1,1,1,1,0,0,20260428,20260727
T6668322,1,1,1,1,1,0,0,20260428,20260727
T6668326,1,1,1,1,1,0,0,20260428,20260727
T6668327,1,1,1,1,1,0,0,20260428,20260727
T6668331,1,1,1,1,1,0,0,20260428,20260727
T6668338,0,0,0,0,0,0,1,20260428,20260727
T6668341,0,0,0,0,0,0,1,20260428,20260727
T6668348,0,0,0,0,0,0,1,20260428,20260727
T6668353,0,0,0,0,0,0,1,20260428,20260727
T6668355,0,0,0,0,0,0,1,20260428,20260727
T6668359,0,0,0,0,0,0,1,20260428,20260727
T6668364,0,0,0,0,0,0,1,20260428,20260727
T6668366,0,0,0,0,0,0,1,20260428,20260727
T6668370,0,0,0,0,0,0,1,20260428,20260727
T6668372,0,0,0,0,0,0,1,20260428,20260727
T6668374,0,0,0,0,0,0,1,20260428,20260727
T6668377,0,0,0,0,0,0,1,20260428,20260727
T6668379,0,0,0,0,0,1,0,20260428,20260727
T6668381,0,0,0,0,0,1,0,20260428,20260727
T6668389,0,0,0,0,0,1,0,20260428,20260727
T6668390,0,0,0,0,0,1,0,20260428,20260727
T6668392,0,0,0,0,0,1,0,20260428,20260727
T6668397,0,0,0,0,0,1,0,20260428,20260727
T6668400,0,0,0,0,0,1,0,20260428,20260727
T6668403,0,0,0,0,0,1,0,20260428,20260727
T6668406,0,0,0,0,0,1,0,20260428,20260727
T6668409,0,0,0,0,0,1,0,20260428,20260727
T6668416,0,0,0,0,0,1,0,20260428,20260727
T6668421,0,0,0,0,0,1,0,20260428,20260727
T6668541,0,0,0,0,0,0,1,20260428,20260727
T6668546,0,0,0,0,0,0,1,20260428,20260727
T6668556,0,0,0,0,0,0,1,20260428,20260727
T6668570,0,0,0,0,0,0,1,20260428,20260727
T6668574,0,0,0,0,0,0,1,20260428,20260727
T6668584,0,0,0,0,0,0,1,20260428,20260727
T6668588,0,0,0,0,0,0,1,20260428,20260727
T6668589,0,0,0,0,0,0,1,20260428,20260727
T6668600,1,1,1,1,1,0,0,20260428,20260727
T6668601,1,1,1,1,1,0,0,20260428,20260727
T6668615,1,1,1,1,1,0,0,20260428,20260727
T6668620,1,1,1,1,1,0,0,20260428,20260727
T6668622,1,1,1,1,1,0,0,20260428,20260727
T6668650,1,1,1,1,1,0,0,20260428,20260727
T6668765,0,0,0,0,0,0,1,20260428,20260727
T6668769,0,0,0,0,0,0,1,20260428,20260727
T6668778,0,0,0,0,0,0,1,20260428,20260727
T6668787,0,0,0,0,0,0,1,20260428,20260727
T6668791,0,0,0,0,0,0,1,20260428,20260727
T6668796,0,0,0,0,0,0,1,20260428,20260727
T6668797,0,0,0,0,0,0,1,20260428,20260727
T6668806,1,1,1,1,1,0,0,20260428,20260727
T6668807,1,1,1,1,1,0,0,20260428,20260727
T6668809,1,1,1,1,1,0,0,20260428,20260727
T6668811,1,1,1,1,1,0,0,20260428,20260727
T6668813,1,1,1,1,1,0,0,20260428,20260727
T6669020,1,1,1,1,1,0,0,20260428,20260727
T6669028,1,1,1,1,1,0,0,20260428,20260727
T6669029,1,1,1,1,1,0,0,20260428,20260727
T6669035,1,1,1,1,1,0,0,20260428,20260727
T6669036,1,1,1,1,1,0,0,20260428,20260727
T6669052,1,1,1,1,1,0,0,20260428,20260727
T6669066,1,1,1,1,1,0,0,20260428,20260727
T6669310,1,1,1,1,1,0,0,20260428,20260727
T6669318,1,1,1,1,1,0,0,20260428,20260727
T6669324,1,1,1,1,1,0,0,20260428,20260727
T6669341,1,1,1,1,1,0,0,20260428,20260727
T6669355,1,1,1,1,1,0,0,20260428,20260727
T6669920,1,1,1,1,1,0,0,20260428,20260727
T6669921,1,1,1,1,1,0,0,20260428,20260727
T6669942,1,1,1,1,1,0,0,20260428,20260727
T6669963,1,1,1,1,1,0,0,20260428,20260727
T6669964,1,1,1,1,1,0,0,20260428,20260727
T6670126,1,1,1,1,1,0,0,20260428,20260727
T6670147,1,1,1,1,1,0,0,20260428,20260727
T6670148,1,1,1,1,1,0,0,20260428,20260727
T6670168,1,1,1,1,1,0,0,20260428,20260727
T6670281,1,1,1,1,1,0,0,20260428,20260727
T6670282,1,1,1,1,1,0,0,20260428,20260727
T6670286,1,1,1,1,1,0,0,20260428,20260727
T6670290,1,1,1,1,1,0,0,20260428,20260727
T6670292,1,1,1,1,1,0,0,20260428,20260727
T6670296,1,1,1,1,1,0,0,20260428,20260727
T6670297,1,1,1,1,1,0,0,20260428,20260727
T6670299,1,1,1,1,1,0,0,20260428,20260727
T6670353,1,1,1,1,1,0,0,20260428,20260727
T6670358,1,1,1,1,1,0,0,20260428,20260727
T6670366,1,1,1,1,1,0,0,20260428,20260727
T6670560,1,1,1,1,1,0,0,20260428,20260727
T6670576,1,1,1,1,1,0,0,20260428,20260727
T6670581,1,1,1,1,1,0,0,20260428,20260727
T6670585,1,1,1,1,1,0,0,20260428,20260727
T6670669,1,1,1,1,1,0,0,20260428,20260727
T6670719,1,1,1,1,1,0,0,20260428,20260727
T6670758,1,1,1,1,1,0,0,20260428,20260727
T6670761,1,1,1,1,1,0,0,20260428,20260727
T6670762,1,1,1,1,1,0,0,20260428,20260727
T6670763,1,1,1,1,1,0,0,20260428,20260727
T6670764,1,1,1,1,1,0,0,20260428,20260727
T6670794,1,1,1,1,1,0,0,20260428,20260727
T6670796,1,1,1,1,1,0,0,20260428,20260727
T6670806,0,0,0,0,0,0,1,20260428,20260727
T6670851,1,1,1,1,1,0,0,20260428,20260727
T6670852,1,1,1,1,1,0,0,20260428,20260727
T6670853,1,1,1,1,1,0,0,20260428,20260727
T6670854,1,1,1,1,1,0,0,20260428,20260727
T6670855,1,1,1,1,1,0,0,20260428,20260727
T6880161,1,1,1,1,1,0,0,20260428,20260727
T6880169,1,1,1,1,1,0,0,20260428,20260727
T6880175,1,1,1,1,1,0,0,20260428,20260727
T6880183,1,1,1,1,1,0,0,20260428,20260727
T6880193,1,1,1,1,1,0,0,20260428,20260727
T6880194,1,1,1,1,1,0,0,20260428,20260727
T6880207,1,1,1,1,1,0,0,20260428,20260727
T6880208,1,1,1,1,1,0,0,20260428,20260727
T6880304,0,0,0,0,0,0,1,20260428,20260727
T6880316,0,0,0,0,0,0,1,20260428,20260727
T6880317,0,0,0,0,0,0,1,20260428,20260727
T6880318,0,0,0,0,0,0,1,20260428,20260727
T6880330,0,0,0,0,0,0,1,20260428,20260727
T6880335,0,0,0,0,0,0,1,20260428,20260727
T6880337,0,0,0,0,0,0,1,20260428,20260727
T6880343,0,0,0,0,0,0,1,20260428,20260727
T6880344,0,0,0,0,0,0,1,20260428,20260727
T6880350,0,0,0,0,0,0,1,20260428,20260727
T6880356,0,0,0,0,0,0,1,20260428,20260727
T6880357,0,0,0,0,0,0,1,20260428,20260727
T6941458,1,1,1,1,1,0,0,20260428,20260727
T6941460,1,1,1,1,1,0,0,20260428,20260727
T6941461,1,1,1,1,1,0,0,20260428,20260727
T6941466,1,1,1,1,1,0,0,20260428,20260727
T6941468,1,1,1,1,1,0,0,20260428,20260727
T6941469,1,1,1,1,1,0,0,20260428,20260727
T6941473,1,1,1,1,1,0,0,20260428,20260727
T6941475,1,1,1,1,1,0,0,20260428,20260727
T6941476,1,1,1,1,1,0,0,20260428,20260727
T6941482,1,1,1,1,1,0,0,20260428,20260727
T6941485,1,1,1,1,1,0,0,20260428,20260727
T6941490,1,1,1,1,1,0,0,20260428,20260727
T6941492,1,1,1,1,1,0,0,20260428,20260727
T6941499,1,1,1,1,1,0,0,20260428,20260727
T6941505,1,1,1,1,1,0,0,20260428,20260727
T6941507,1,1,1,1,1,0,0,20260428,20260727
T6941513,1,1,1,1,1,0,0,20260428,20260727
T6941522,1,1,1,1,1,0,0,20260428,20260727
T6941528,1,1,1,1,1,0,0,20260428,20260727
T6941535,0,0,0,0,0,1,0,20260428,20260727
T6941545,0,0,0,0,0,1,0,20260428,20260727
T6941547,0,0,0,0,0,1,0,20260428,20260727
T6941553,0,0,0,0,0,1,0,20260428,20260727
T6941558,0,0,0,0,0,1,0,20260428,20260727
T6941560,0,0,0,0,0,1,0,20260428,20260727
T6941570,0,0,0,0,0,1,0,20260428,20260727
T6941572,0,0,0,0,0,1,0,20260428,20260727
T6941576,0,0,0,0,0,1,0,20260428,20260727
T6941578,0,0,0,0,0,1,0,20260428,20260727
T6941584,0,0,0,0,0,1,0,20260428,20260727
T6941586,0,0,0,0,0,1,0,20260428,20260727
T6941592,0,0,0,0,0,1,0,20260428,20260727
T6941600,0,0,0,0,0,0,1,20260428,20260727
T6941602,0,0,0,0,0,0,1,20260428,20260727
T6941604,0,0,0,0,0,0,1,20260428,20260727
T6941608,0,0,0,0,0,0,1,20260428,20260727
T6941610,0,0,0,0,0,0,1,20260428,20260727
T6941614,0,0,0,0,0,0,1,20260428,20260727
T6941617,0,0,0,0,0,0,1,20260428,20260727
T6941621,0,0,0,0,0,0,1,20260428,20260727
T6941623,0,0,0,0,0,0,1,20260428,20260727
T6941624,0,0,0,0,0,0,1,20260428,20260727
T6941632,0,0,0,0,0,0,1,20260428,20260727
T6941634,0,0,0,0,0,0,1,20260428,20260727
T6941642,0,0,0,0,0,0,1,20260428,20260727
T6941645,0,0,0,0,0,0,1,20260428,20260727
T6941650,0,0,0,0,0,0,1,20260428,20260727
T6941652,0,0,0,0,0,0,1,20260428,20260727
T6941654,0,0,0,0,0,0,1,20260428,20260727
